version https://git-lfs.github.com/spec/v1
oid sha256:17a80953fa7e50bbd65ca97098c415972c8ba5be8da9d05b10b84a5bc64ac944
size 999016
