version https://git-lfs.github.com/spec/v1
oid sha256:3e77553dc366a5d300c029dba6899a7834b919abc328e9010a4e5595ecaff979
size 1089401
