version https://git-lfs.github.com/spec/v1
oid sha256:ce93b99f5c6d7b90465b50b2e21ac5f64ef00992341334a5568df5ddc512feac
size 591238
