version https://git-lfs.github.com/spec/v1
oid sha256:3b1412d4cc196b11d0945cd2bc1da8cb0c7a084a316bb7f5e08b270165b5179e
size 5070
