version https://git-lfs.github.com/spec/v1
oid sha256:9658d9326ff2f68c76880621ab32eabc6b585af5dc10e6688ed300f6f393dfbe
size 322
