version https://git-lfs.github.com/spec/v1
oid sha256:7bd1051a85e5688db165dc4e4e596651f44f0f4a6dd8696556dc247b8a0446f3
size 3003
