version https://git-lfs.github.com/spec/v1
oid sha256:42decfed0fe779645d97ed612b7a2ac1e3cfb2a9fec54ac1b432c4b3c8062eae
size 2528
